Statistics for the k-means clustering, like betweeness, number of items in cluster etc.

$n
[1] 1682

$cluster.number
[1] 10

$cluster.size
 [1]  95 336 600 181  77  46  65  66  83 133

$min.cluster.size
[1] 46

$noisen
[1] 0

$diameter
 [1] 0.8571429 0.8333333 0.8571429 1.0000000 0.7500000 0.8571429 0.8750000 0.8333333 0.8000000 0.8000000

$average.distance
 [1] 0.5193633 0.3066101 0.3324872 0.7979006 0.3521458 0.4217081 0.5516205 0.4877300 0.3924723 0.3596282

$median.distance
 [1] 0.5000000 0.5000000 0.5000000 1.0000000 0.3333333 0.5000000 0.6000000 0.5000000 0.5000000 0.5000000

$separation
 [1] 0.20 0.25 0.25 0.25 0.25 0.20 0.20 0.20 0.25 0.25

$average.toother
 [1] 0.9276815 0.9400803 0.9282533 0.9758093 0.9126468 0.9504123 0.9487684 0.9278515 0.9589945 0.8514135

$separation.matrix
           [,1]      [,2]      [,3]      [,4]      [,5]      [,6]      [,7]      [,8]      [,9]     [,10]
 [1,] 0.0000000 0.3333333 0.2500000 0.5000000 0.2500000 0.2500000 0.2000000 0.5000000 0.5000000 0.2500000
 [2,] 0.3333333 0.0000000 0.3333333 0.2500000 0.4000000 0.3333333 0.5000000 0.3333333 0.3333333 0.3333333
 [3,] 0.2500000 0.3333333 0.0000000 0.3333333 0.2500000 0.3333333 0.3333333 0.3333333 0.4000000 0.2500000
 [4,] 0.5000000 0.2500000 0.3333333 0.0000000 0.2500000 0.5000000 0.3333333 0.5000000 0.3333333 0.3333333
 [5,] 0.2500000 0.4000000 0.2500000 0.2500000 0.0000000 0.5000000 0.2500000 0.5714286 0.2500000 0.4000000
 [6,] 0.2500000 0.3333333 0.3333333 0.5000000 0.5000000 0.0000000 0.2000000 0.2000000 0.7500000 0.3333333
 [7,] 0.2000000 0.5000000 0.3333333 0.3333333 0.2500000 0.2000000 0.0000000 0.5714286 0.3333333 0.3333333
 [8,] 0.5000000 0.3333333 0.3333333 0.5000000 0.5714286 0.2000000 0.5714286 0.0000000 0.6666667 0.5000000
 [9,] 0.5000000 0.3333333 0.4000000 0.3333333 0.2500000 0.7500000 0.3333333 0.6666667 0.0000000 0.5000000
[10,] 0.2500000 0.3333333 0.2500000 0.3333333 0.4000000 0.3333333 0.3333333 0.5000000 0.5000000 0.0000000

$ave.between.matrix
           [,1]      [,2]      [,3]      [,4]      [,5]      [,6]      [,7]      [,8]      [,9]     [,10]
 [1,] 0.0000000 0.9026071 0.9597188 0.9878711 0.6856689 0.8856632 0.7941653 0.9501978 0.9688166 0.9476398
 [2,] 0.9026071 0.0000000 0.9474699 0.9883839 0.9806333 0.9722262 0.9750209 0.7889082 0.9404433 0.8908926
 [3,] 0.9597188 0.9474699 0.0000000 0.9803306 0.9291583 0.9576938 0.9796204 0.9641540 0.9634960 0.7107391
 [4,] 0.9878711 0.9883839 0.9803306 0.0000000 0.8539518 0.9961257 0.9606586 0.9927826 0.9670527 0.9829982
 [5,] 0.6856689 0.9806333 0.9291583 0.8539518 0.0000000 0.9442715 0.7363199 0.9947404 0.9227267 0.9366167
 [6,] 0.8856632 0.9722262 0.9576938 0.9961257 0.9442715 0.0000000 0.8683483 0.7558128 0.9943993 0.9592720
 [7,] 0.7941653 0.9750209 0.9796204 0.9606586 0.7363199 0.8683483 0.0000000 0.9779120 0.9425976 0.9777135
 [8,] 0.9501978 0.7889082 0.9641540 0.9927826 0.9947404 0.7558128 0.9779120 0.0000000 0.9781059 0.9757191
 [9,] 0.9688166 0.9404433 0.9634960 0.9670527 0.9227267 0.9943993 0.9425976 0.9781059 0.0000000 0.9748528
[10,] 0.9476398 0.8908926 0.7107391 0.9829982 0.9366167 0.9592720 0.9777135 0.9757191 0.9748528 0.0000000

$average.between
[1] 0.9318977

$average.within
[1] 0.3625868

$n.between
[1] 1136619

$n.within
[1] 277102

$max.diameter
[1] 1

$min.separation
[1] 0.2

$within.cluster.ss
[1] 224.7685

$clus.avg.silwidths
         1          2          3          4          5          6          7          8          9         10 
0.21298133 0.57305587 0.50599398 0.03457856 0.44744569 0.41353757 0.19423452 0.28010675 0.46149613 0.47462855 

$avg.silwidth
[1] 0.4213158

$g2
NULL

$g3
NULL

$pearsongamma
[1] 0.766378

$dunn
[1] 0.2

$dunn2
[1] 0.8593413

$entropy
[1] 1.933163

$wb.ratio
[1] 0.3890843

$ch
[1] 342.1016

$cwidegap
 [1] 0.5 0.5 0.5 1.0 0.4 0.5 0.5 0.5 0.5 0.5

$widestgap
[1] 1

$sindex
[1] 0.2740079

$corrected.rand
NULL

$vi
NULL

