Statistics for the hierarchical clustering, like betweeness, number of items in cluster etc.

$n
[1] 1682

$cluster.number
[1] 11

$cluster.size
 [1] 482 216 144 606  48  10  80  69   9  16   2

$min.cluster.size
[1] 2

$noisen
[1] 0

$diameter
 [1] 1.0000000 1.0000000 1.0000000 1.0000000 0.5000000 0.7500000 1.0000000 0.8000000 0.5000000 0.6666667 0.0000000

$average.distance
 [1] 0.48549510 0.64329194 0.58049219 0.37322045 0.05984043 0.37962963 0.63327268 0.31209861 0.27777778 0.18611111
[11] 0.00000000

$median.distance
 [1] 0.5000000 0.6666667 0.6666667 0.5000000 0.0000000 0.5000000 0.6666667 0.5000000 0.5000000 0.0000000 0.0000000

$separation
 [1] 0.2000000 0.2500000 0.2500000 0.2500000 0.5000000 0.3333333 0.2000000 0.3333333 0.3333333 0.3333333 1.0000000

$average.toother
 [1] 0.9368092 0.9508452 0.9139573 0.9315902 0.9881492 0.9594360 0.9723893 0.9657038 0.9698904 0.9767522 1.0000000

$separation.matrix
           [,1]      [,2]      [,3]      [,4]      [,5]      [,6]      [,7]      [,8]      [,9]     [,10] [,11]
 [1,] 0.0000000 0.2500000 0.2500000 0.2500000 0.5000000 0.3333333 0.2000000 0.4000000 0.3333333 0.3333333     1
 [2,] 0.2500000 0.0000000 0.2500000 0.2500000 0.6666667 0.3333333 0.2500000 0.3333333 0.6666667 0.6666667     1
 [3,] 0.2500000 0.2500000 0.0000000 0.2500000 0.6666667 0.5000000 0.6666667 0.3333333 0.6666667 0.6666667     1
 [4,] 0.2500000 0.2500000 0.2500000 0.0000000 0.5000000 0.3333333 0.2500000 0.3333333 0.5000000 0.5000000     1
 [5,] 0.5000000 0.6666667 0.6666667 0.5000000 0.0000000 0.5000000 1.0000000 1.0000000 1.0000000 1.0000000     1
 [6,] 0.3333333 0.3333333 0.5000000 0.3333333 0.5000000 0.0000000 0.5000000 0.6666667 0.6666667 0.7500000     1
 [7,] 0.2000000 0.2500000 0.6666667 0.2500000 1.0000000 0.5000000 0.0000000 0.6666667 0.5000000 0.5000000     1
 [8,] 0.4000000 0.3333333 0.3333333 0.3333333 1.0000000 0.6666667 0.6666667 0.0000000 0.6666667 0.6666667     1
 [9,] 0.3333333 0.6666667 0.6666667 0.5000000 1.0000000 0.6666667 0.5000000 0.6666667 0.0000000 1.0000000     1
[10,] 0.3333333 0.6666667 0.6666667 0.5000000 1.0000000 0.7500000 0.5000000 0.6666667 1.0000000 0.0000000     1
[11,] 1.0000000 1.0000000 1.0000000 1.0000000 1.0000000 1.0000000 1.0000000 1.0000000 1.0000000 1.0000000     0

$ave.between.matrix
           [,1]      [,2]      [,3]      [,4]      [,5]      [,6]      [,7]      [,8]      [,9]     [,10] [,11]
 [1,] 0.0000000 0.9643682 0.9621472 0.9130268 0.9957923 0.9316133 0.9592230 0.9382773 0.9482700 0.9310333     1
 [2,] 0.9643682 0.0000000 0.8660445 0.9573848 0.9988157 0.9771236 0.9287922 0.9471790 0.9896580 0.9967438     1
 [3,] 0.9621472 0.8660445 0.0000000 0.8679972 0.9938440 0.9916435 0.9983671 0.9341116 0.9910494 0.9985026     1
 [4,] 0.9130268 0.9573848 0.8679972 0.0000000 0.9740855 0.9606766 0.9870262 0.9929768 0.9731787 0.9954019     1
 [5,] 0.9957923 0.9988157 0.9938440 0.9740855 0.0000000 0.9510417 1.0000000 1.0000000 1.0000000 1.0000000     1
 [6,] 0.9316133 0.9771236 0.9916435 0.9606766 0.9510417 0.0000000 0.9815506 0.9928986 0.9444444 0.9956250     1
 [7,] 0.9592230 0.9287922 0.9983671 0.9870262 1.0000000 0.9815506 0.0000000 0.9978968 0.9393981 0.9859617     1
 [8,] 0.9382773 0.9471790 0.9341116 0.9929768 1.0000000 0.9928986 0.9978968 0.0000000 0.9962426 0.9910628     1
 [9,] 0.9482700 0.9896580 0.9910494 0.9731787 1.0000000 0.9444444 0.9393981 0.9962426 0.0000000 1.0000000     1
[10,] 0.9310333 0.9967438 0.9985026 0.9954019 1.0000000 0.9956250 0.9859617 0.9910628 1.0000000 0.0000000     1
[11,] 1.0000000 1.0000000 1.0000000 1.0000000 1.0000000 1.0000000 1.0000000 1.0000000 1.0000000 1.0000000     0

$average.between
[1] 0.9414345

$average.within
[1] 0.4371774

$n.between
[1] 1074133

$n.within
[1] 339588

$max.diameter
[1] 1

$min.separation
[1] 0.2

$within.cluster.ss
[1] 263.859

$clus.avg.silwidths
        1         2         3         4         5         6         7         8         9        10        11 
0.3534243 0.1647703 0.2437316 0.5236773 0.9173916 0.5105875 0.2292365 0.5926109 0.6927917 0.7624423 1.0000000 

$avg.silwidth
[1] 0.4085557

$g2
NULL

$g3
NULL

$pearsongamma
[1] 0.7305054

$dunn
[1] 0.2

$dunn2
[1] 1.34627

$entropy
[1] 1.688064

$wb.ratio
[1] 0.4643737

$ch
[1] 237.3649

$cwidegap
 [1] 0.5 0.5 0.5 0.5 0.5 0.5 0.5 0.5 0.5 0.5 0.0

$widestgap
[1] 0.5

$sindex
[1] 0.2890873

$corrected.rand
NULL

$vi
NULL

